19
0
4837
11230
7370
7486
4224
12641
7427
6689
6857
9233
6314
6807
8695
7118
6224
11557
7387
7281
5829
11188
6638
7704
8929
7749
8522
7136
7326
7786
7516
7334
6666
7480
8336
7657
7305
8255
7603
8740
8079
7036
5979
7620
8550
5831
6116
8274
4813
6993
6027
5164
5763
6347
5218
3977
5705
6059
4843
4590
7491
4122
9803
7017
6433
8156
9672
12601
5999
8976
12934
8671
9695
14670
11208
8285
11421
13310
7693
6853
10231
11113
16236
12403
10016
12533
11945
14204
17931
6823
10398
14453
9780
14916
17298
12643
5662
10524
11832
11995
