9
5
870
888
1505
158
1544
867
752
1090
1239
687
0
602
1530
766
0
0
680
924
1601
3
0
3
593
1062
1338
427
1
2
3
5
1540
751
816
0
0
3
5
12
843
1514
826
0
2
3
7
11
0
871
920
1421
0
0
3
0
13
0
0
183
924
301
1732
558
220
410
3851
740
1151
11826
4087
387
2683
12067
12668
12280
14250
13758
13366
14467
14732
12984
13914
12895
11889
14854
13875
11708
10935
11018
10156
7277
6155
5501
6202
4170
4274
6244
2345
2082
2114
2183
2342
2092
2033
1722
2051
2307
1973
2215
1730
1717
1872
2518
2064
2160
1745
1821
1644
1656
